1930                  -9.00421
1931                  -6.64036
1932                 -13.92823
1933                  -1.28207
1934                  10.26503
1935                   8.52940
1936                  12.22211
1937                   5.00752
1938                  -3.50717
1939                   7.76176
1940                   8.40882
1941                  15.79976
1942                  16.99145
1943                  15.19188
1944                   7.80289
1945                  -1.12448
1946                 -11.67899
1947                  -0.94188
1948                   4.27078
1949                  -0.52474
1950                   8.36972
1951                   7.46223
1952                   3.75624
1953                   4.48475
1954                  -0.68036
1955                   6.89348
1956                   1.92460
1957                   1.98826
1958                  -0.95628
1959                   6.87062
1960                   2.44798
1961                   2.29968
1962                   5.88584
1963                   4.28235
1964                   5.64564
1965                   6.22202
1966                   6.31450
1967                   2.48426
1968                   4.71134
1969                   3.03875
1970                   0.17248
1971                   3.30387
1972                   5.15882
1973                   5.60142
1974                  -0.50571
1975                  -0.19465
1976                   5.19089
1977                   4.51246
1978                   5.41835
1979                   3.10967
1980                  -0.22641
1981                   2.48736
1982                  -1.95407
1983                   4.41979
1984                   6.94033
1985                   4.04697
1986                   3.40854
1987                   3.32090
1988                   4.04964
1989                   3.47890
1990                   1.86043
1991                  -0.16886
1992                   3.27103
1993                   2.63780
1994                   3.94111
1995                   2.47315
1996                   3.63352
1997                   4.39938
1998                   4.09052
1999                   4.35302
2000                   3.59550
2001                   0.74793
2002                   1.58583
2003                   2.47878
2004                   3.57385
2005                   3.02248
2006                   2.83138
